[0, 1, 2, 3, 11, 10]
[6, 7]
[0, 1, 2, 3, 11, 10, 14]
[0, 1, 2, 3, 11, 10, 14, 16]
[0, 1, 2, 4, 9, 8, 7, 15, 6, 12, 11, 10, 14, 16, 17]
[0, 1, 2, 4, 9, 8, 7, 15, 6, 12, 11, 10, 14, 16, 17, 18]
[0, 1, 2, 4, 9, 8, 7, 15, 6, 12, 11, 10, 14, 16, 17, 18, 19]
[6, 7, 15]
[0, 1, 2, 4, 9, 8, 7, 15, 21, 6, 12, 11, 10, 14, 16, 17, 18, 19, 20]
[0, 1, 2, 4, 9, 8, 7, 15, 21, 6, 12, 11, 10, 14, 16, 17, 18, 19, 20, 22]
[0, 1, 2, 4, 9, 8, 7, 15, 21, 6, 12, 11, 10, 14, 16, 17, 18, 19, 20, 22, 23]
[0, 1, 2, 4, 9, 8, 7, 15, 21, 6, 12, 11, 10, 14, 16, 17, 18, 19, 20, 22, 23, 24]
[6, 7, 15, 21]
[0, 1, 2, 4, 9, 8, 7, 15, 21, 26, 6, 12, 11, 10, 14, 16, 17, 18, 19, 20, 22, 23, 24, 25]
[0, 1, 2, 4, 9, 8, 7, 15, 21, 26, 6, 12, 11, 10, 14, 16, 17, 18, 19, 20, 22, 23, 24, 25, 27]
[0, 1, 2, 4, 9, 8, 7, 15, 21, 26, 6, 12, 11, 10, 14, 16, 17, 18, 19, 20, 22, 23, 24, 25, 27, 28]
[0, 1, 2, 4, 9, 8, 7, 15, 21, 26, 6, 12, 11, 10, 14, 16, 17, 18, 19, 20, 22, 23, 24, 25, 27, 28, 29]
[0, 1, 2, 4, 9, 8, 7, 15, 21, 26, 6, 12, 11, 10, 14, 16, 17, 18, 19, 20, 22, 23, 24, 25, 27, 28, 29, 30]
[6, 7, 15, 21, 26]
[0, 1, 2, 4, 9, 8, 7, 15, 21, 26, 32, 6, 12, 11, 10, 14, 16, 17, 18, 19, 20, 22, 23, 24, 25, 27, 28, 29, 30, 31]
