[5, 8, 6, 7, 39, 40]
[2, 8, 6, 7, 39, 40]
[32, 29]
[5, 8, 6, 7, 39, 40, 44]
[1, 3]
[2, 8, 6, 7, 39, 40, 45]
[5, 8, 6, 7, 39, 40, 44, 47]
[2, 49, 8, 6, 7, 39, 40, 45]
[5, 8, 6, 7, 39, 40, 44, 47, 50]
[2, 49, 8, 9, 42, 33, 13, 35, 40, 45, 51]
[32, 29, 46]
[5, 8, 9, 42, 33, 13, 35, 40, 44, 47, 50, 52]
[5, 8, 6, 7, 39, 40, 44, 47, 50, 52]
[2, 49, 53, 8, 6, 7, 39, 40, 45, 51]
[1, 3, 48]
[5, 8, 6, 7, 39, 40, 44, 47, 50, 52, 56]
[32, 33]
[2, 49, 53, 57, 8, 6, 7, 39, 40, 45, 51]
[4, 9, 42, 55, 33, 13, 35]
[5, 8, 6, 7, 39, 40, 44, 47, 50, 52, 56, 59]
